# https://ned.ipac.caltech.edu/cgi-bin/objsearch?refcode=1996AJ....112.2398H&search_type=Search&of=pre_text

V(km/s) Redshift Magnitud

18287  0.060998  17.62
5691   0.018983  15.00 
26382  0.088000  18.59  
5996   0.020000  15.54
19202  0.064051  15.3
23684  0.079000  16.56 
11702  0.039034  17.14 
17284  0.057653  13.5
13491  0.045000  17.8
10566  0.035244  15.25 
14718  0.049094  15.60 
13491  0.045000  14.52 
16325  0.054453  15.3
20686  0.069000  16.80 
1808   0.006031  11.16  
7603   0.025361  15.18 
1018   0.003395  12.24 
321    0.001071  13.0
3106   0.010360  12.49 
9426   0.031442  14.53
7464   0.024897  15.21 
15143  0.050512  17.4
407    0.001358  10.87
7257   0.024207  14.60  
9193   0.030664  15.1
12137  0.040485  14.75
4264   0.014224  14.98
4381   0.014615  14.15
22484  0.075000  17.43 
15162  0.050575  16.5
30000  0.101000  18.90
12981  0.043300  15.23  
8803   0.029364  14.9
