         996
         134
         932
         496
        -265
         -39
        -853
        -990
        -306
        -316
        -564
        -734
         801
        -227
        -109
         324
        -968
         302
         293
        -354
         712
        -198
        -587
         938
         197
         346
         -86
        -340
        -800
         511
         211
         438
         795
         317
        -699
         225
         958
         999
        -487
         102
         318
         108
         956
         804
         316
         458
        -195
         858
        -705
         349
         539
        -322
        -769
         229
         642
         895
         462
          -5
        -251
        -157
         106
         996
         981
         493
         908
        -814
         468
         504
         894
         413
         628
         117
        -877
         -39
         195
        -725
         175
          40
         772
        -393
         339
         330
           7
        -477
        -847
        -798
          99
        -249
        -970
         586
         242
         547
         908
        -772
        -363
         194
        -904
        -772
        -568
        -799
        -854
        -507
        -113
        -584
         134
        -952
        -159
        -204
         954
         385
        -991
        -741
        -907
         680
         357
         164
         467
        -768
         681
         670
         493
         687
          58
         331
         462
        -179
        -289
         471
         -57
         -75
         520
         405
        -484
         876
         -88
         617
         818
         390
        -561
         710
         489
        -398
         344
         238
         936
         981
        -324
         842
        -322
         862
          93
         -69
        -646
        -244
        -650
        -286
         332
         237
         -62
        -368
        -462
        -600
        -169
         959
          86
        -741
         610
         692
         418
          58
         328
         802
         883
        -772
         734
         265
        -515
        -680
        -958
        -620
        -376
         620
         148
         653
        -427
        -679
        -338
        -469
          90
         107
        -957
        -703
        -791
         229
        -188
         803
         886
        -687
         874
        -729
        -258
        -357
         430
         460
        -243
         658
         908
        -383
         160
        -533
         689
        -484
         680
          75
         243
         -18
        -431
        -529
         303
         214
        -204
         698
         275
        -483
        -282
         124
        -757
         957
        -234
         442
        -284
         820
          87
         920
         859
         267
        -409
        -651
         685
         237
         412
        -515
         596
        -218
        -780
         508
        -941
         402
          50
         505
         296
         743
         662
         915
        -556
         159
         982
         680
        -651
         419
        -397
        -950
         834
         378
         514
         866
        -890
          -2
        -881
        -657
         377
        -387
         471
         505
        -209
        -825
        -903
         559
         362
        -377
          46
          12
        -123
         175
        -406
        -410
        -853
         950
         457
         516
        -382
        -507
        -486
         236
         876
         985
        -551
         895
         696
         400
         109
        -117
        -502
         796
        -709
        -131
         -85
        -381
         -38
         380
         622
        -216
        -414
         152
         451
        -715
        -333
        -680
          69
         447
        -544
        -602
         946
         988
        -837
        -498
        -569
        -609
         701
        -911
         728
        -866
        -145
        -726
        -762
        -388
         227
         327
         792
         508
         260
        -558
         -32
         230
         976
         118
        -258
        -325
         491
         140
         -88
         297
         367
        -660
        -454
        -119
         -85
        -210
         377
        -402
        -590
        -616
        -162
         381
        -719
        -713
         325
         151
         550
         551
         531
         753
        -802
        -331
         290
        -737
         615
          84
        -469
         -82
          22
          10
         924
         101
        -621
        -598
        -503
         941
         553
        -455
          -6
        -203
         227
        -830
         474
         726
        -318
         389
         284
        -829
         416
         185
        -535
        -850
        -352
         827
        -592
         -95
         455
        -944
          34
         536
         789
         889
        -421
          63
        -535
        -375
        -717
        -315
        -693
         699
         945
        -118
         549
         -88
         729
         456
         275
         448
         209
        -948
        -415
        -606
         898
          64
        -980
         -96
         928
         973
        -318
         919
        -347
         409
         581
         447
         458
        -109
        -237
         845
         497
        -147
        -565
         459
         594
         117
         771
        -234
        -519
        -370
        -134
        -904
        -152
         475
         746
        -384
         687
         633
        -186
         730
         705
          24
         553
         -14
        -591
        -110
        -133
        -891
         401
         839
        -222
        -502
        -267
         998
         324
        -641
         745
        -512
        -768
         637
          71
         977
        -167
         617
        -520
         941
        -247
         267
        -727
         537
        -798
         104
         664
        -246
         736
         249
         105
        -577
         646
        -273
        -539
        -342
         360
        -142
         -95
         856
        -108
         335
         562
         582
        -605
        -487
         354
         797
        -250
        -960
        -196
         982
         950
         941
         938
        -251
        -806
         502
         649
         449
        -266
         244
        -388
        -398
         353
         660
         113
         119
        -345
         462
        -684
          66
         569
        -569
        -350
           3
        -554
         -67
        -627
        -610
        -586
         812
         600
         470
        -169
         622
         977
         -18
        -562
         524
         815
         179
         742
        -923
         877
        -907
         795
        -961
         999
         961
         223
         175
         925
         787
        -596
        -975
        -490
         781
        -461
         778
          38
        -266
         968
         754
         363
        -275
        -604
        -626
         976
        -635
        -977
         888
         -16
         962
         227
        -275
          65
        -709
        -735
        -238
         401
         100
         651
          75
         325
        -894
        -657
         237
         518
         821
         428
         480
        -287
         644
         104
         302
        -625
         637
        -956
         315
        -761
        -229
        -515
         931
         -29
         985
        -438
         957
         906
        -514
        -167
         472
        -610
         279
         259
        -795
        -723
         -90
         969
        -150
         410
        -269
        -600
        -181
        -522
         410
        -842
        -593
        -966
        -332
        -431
         691
         -11
         420
        -491
         646
        -437
         250
         492
         748
        -745
        -442
         847
         973
         579
        -304
         529
        -614
        -872
        -910
        -707
         614
         312
        -511
        -351
         968
         228
        -415
          -9
         472
        -921
        -969
         -43
         554
         814
         831
        -333
        -402
         658
         -81
        -971
        -322
        -884
        -815
         304
        -210
         240
         651
        -322
        -383
        -278
        -177
         -78
        -235
         286
        -517
         432
         714
        -672
         463
          20
        -440
         987
         523
        -935
         414
         344
        -820
         -78
        -473
        -289
         447
        -946
         170
         389
        -779
          53
         988
         453
         521
        -593
         727
        -615
        -824
        -518
         821
         660
        -845
         743
         114
        -206
         999
         540
         572
         507
         121
         389
         752
        -972
        -429
        -638
         616
         105
         -28
          74
        -910
        -713
         561
         542
        -681
         -62
        -674
          98
         996
         134
         932
         496
        -265
         -39
        -853
        -990
        -306
        -316
        -564
        -734
         801
        -227
        -109
         324
        -968
         302
         293
        -354
         712
        -198
        -587
         938
         197
         346
         -86
        -340
        -800
         511
         211
         438
         795
         317
        -699
         225
         958
         999
        -487
         102
         318
         108
         956
         804
         316
         458
        -195
         858
        -705
         349
         539
        -322
        -769
         229
         642
         895
         462
          -5
        -251
        -157
         106
         996
         981
         493
         908
        -814
         468
         504
         894
         413
         628
         117
        -877
         -39
         195
        -725
         175
          40
         772
        -393
         339
         330
           7
        -477
        -847
        -798
          99
        -249
        -970
         586
         242
         547
         908
        -772
        -363
         194
        -904
        -772
        -568
        -799
        -854
        -507
        -113
        -584
         134
        -952
        -159
        -204
         954
         385
        -991
        -741
        -907
         680
         357
         164
         467
        -768
         681
         670
         493
         687
          58
         331
         462
        -179
        -289
         471
         -57
         -75
         520
         405
        -484
         876
         -88
         617
         818
         390
        -561
         710
         489
        -398
         344
         238
         936
         981
        -324
         842
        -322
         862
          93
         -69
        -646
        -244
        -650
        -286
         332
         237
         -62
        -368
        -462
        -600
        -169
         959
          86
        -741
         610
         692
         418
          58
         328
         802
         883
        -772
         734
         265
        -515
        -680
        -958
        -620
        -376
         620
         148
         653
        -427
        -679
        -338
        -469
          90
         107
        -957
        -703
        -791
         229
        -188
         803
         886
        -687
         874
        -729
        -258
        -357
         430
         460
        -243
         658
         908
        -383
         160
        -533
         689
        -484
         680
          75
         243
         -18
        -431
        -529
         303
         214
        -204
         698
         275
        -483
        -282
         124
        -757
         957
        -234
         442
        -284
         820
          87
         920
         859
         267
        -409
        -651
         685
         237
         412
        -515
         596
        -218
        -780
         508
        -941
         402
          50
         505
         296
         743
         662
         915
        -556
         159
         982
         680
        -651
         419
        -397
        -950
         834
         378
         514
         866
        -890
          -2
        -881
        -657
         377
        -387
         471
         505
        -209
        -825
        -903
         559
         362
        -377
          46
          12
        -123
         175
        -406
        -410
        -853
         950
         457
         516
        -382
        -507
        -486
         236
         876
         985
        -551
         895
         696
         400
         109
        -117
        -502
         796
        -709
        -131
         -85
        -381
         -38
         380
         622
        -216
        -414
         152
         451
        -715
        -333
        -680
          69
         447
        -544
        -602
         946
         988
        -837
        -498
        -569
        -609
         701
        -911
         728
        -866
        -145
        -726
        -762
        -388
         227
         327
         792
         508
         260
        -558
         -32
         230
         976
         118
        -258
        -325
         491
         140
         -88
         297
         367
        -660
        -454
        -119
         -85
        -210
         377
        -402
        -590
        -616
        -162
         381
        -719
        -713
         325
         151
         550
         551
         531
         753
        -802
        -331
         290
        -737
         615
          84
        -469
         -82
          22
          10
         924
         101
        -621
        -598
        -503
         941
         553
        -455
          -6
        -203
         227
        -830
         474
         726
        -318
         389
         284
        -829
         416
         185
        -535
        -850
        -352
         827
        -592
         -95
         455
        -944
          34
         536
         789
         889
        -421
          63
        -535
        -375
        -717
        -315
        -693
         699
         945
        -118
         549
         -88
         729
         456
         275
         448
         209
        -948
        -415
        -606
         898
          64
        -980
         -96
         928
         973
        -318
         919
        -347
         409
         581
         447
         458
        -109
        -237
         845
         497
        -147
        -565
         459
         594
         117
         771
        -234
        -519
        -370
        -134
        -904
        -152
         475
         746
        -384
         687
         633
        -186
         730
         705
          24
         553
         -14
        -591
        -110
        -133
        -891
         401
         839
        -222
        -502
        -267
         998
         324
        -641
         745
        -512
        -768
         637
          71
         977
        -167
         617
        -520
         941
        -247
         267
        -727
         537
        -798
         104
         664
        -246
         736
         249
         105
        -577
         646
        -273
        -539
        -342
         360
        -142
         -95
         856
        -108
         335
         562
         582
        -605
        -487
         354
         797
        -250
        -960
        -196
         982
         950
         941
         938
        -251
        -806
         502
         649
         449
        -266
         244
        -388
        -398
         353
         660
         113
         119
        -345
         462
        -684
          66
         569
        -569
        -350
           3
        -554
         -67
        -627
        -610
        -586
         812
         600
         470
        -169
         622
         977
         -18
        -562
         524
         815
         179
         742
        -923
         877
        -907
         795
        -961
         999
         961
         223
         175
         925
         787
        -596
        -975
        -490
         781
        -461
         778
          38
        -266
         968
         754
         363
        -275
        -604
        -626
         976
        -635
        -977
         888
         -16
         962
         227
        -275
          65
        -709
        -735
        -238
         401
         100
         651
          75
         325
        -894
        -657
         237
         518
         821
         428
         480
        -287
         644
         104
         302
        -625
         637
        -956
         315
        -761
        -229
        -515
         931
         -29
         985
        -438
         957
         906
        -514
        -167
         472
        -610
         279
         259
        -795
        -723
         -90
         969
        -150
         410
        -269
        -600
        -181
        -522
         410
        -842
        -593
        -966
        -332
        -431
         691
         -11
         420
        -491
         646
        -437
         250
         492
         748
        -745
        -442
         847
         973
         579
        -304
         529
        -614
        -872
        -910
        -707
         614
         312
        -511
        -351
         968
         228
        -415
          -9
         472
        -921
        -969
         -43
         554
         814
         831
        -333
        -402
         658
         -81
        -971
        -322
        -884
        -815
         304
        -210
         240
         651
        -322
        -383
        -278
        -177
         -78
        -235
         286
        -517
         432
         714
        -672
         463
          20
        -440
         987
         523
        -935
         414
         344
        -820
         -78
        -473
        -289
         447
        -946
         170
         389
        -779
          53
         988
         453
         521
        -593
         727
        -615
        -824
        -518
         821
         660
        -845
         743
         114
        -206
         999
         540
         572
         507
         121
         389
         752
        -972
        -429
        -638
         616
         105
         -28
          74
        -910
        -713
         561
         542
        -681
         -62
        -674
          98

